185 407
350 232
357 189
481 437
159 448
117 459
140 420
400 428
498 156
515 129
475 129
234 117
619 183
575 137
271 449
307 427
257 419
541 189
504 210
443 399
420 364
390 442
351 450
364 434
334 432
138 368
67 449
424 90
308 239
279 236
533 121
489 92
485 381
522 366
486 368
359 355
357 359
558 286
551 257
225 304
182 298
150 44
117 41
516 38
616 120
575 81
445 233
421 236
449 187
422 188
70 112
49 117
112 126
129 283
135 240
103 257
582 47
65 308
383 157
464 48
428 44
89 235
87 201
25 199
235 27
173 41
316 346
264 342
315 310
271 301
507 325
526 322
357 285
329 241
60 176
26 156
52 130
426 160
442 138
417 153
364 340
394 314
341 314
342 52
163 173
123 179
146 134
54 285
52 272
35 267
438 320
398 298
360 124
329 109
198 160
224 146
194 144
231 219
180 234
223 189
281 49
216 270
185 292
171 267
424 272
444 240
400 260
316 274
245 273
528 272
476 292
510 266
473 247
150 237
130 208
107 329
223 413
295 367
579 205
