215 401
373 217
377 191
513 429
155 444
126 460
109 419
457 421
517 139
526 104
496 108
237 93
619 140
565 123
318 450
354 422
283 415
570 180
498 190
493 381
474 352
424 440
383 444
399 427
372 424
135 363
64 456
436 72
326 227
295 225
531 93
476 76
524 372
562 344
535 351
402 344
388 356
592 262
578 234
264 300
205 295
115 35
81 33
474 20
576 86
549 71
459 195
428 226
455 167
430 170
63 106
53 98
112 116
156 276
147 237
105 259
559 25
81 312
387 139
434 28
411 31
91 233
73 185
44 207
197 23
162 40
355 341
270 326
320 297
271 285
541 305
573 303
367 283
366 244
61 149
21 147
41 126
435 149
447 113
423 134
379 329
428 300
376 310
314 36
169 165
122 166
141 125
63 283
57 261
49 267
485 305
432 290
379 105
333 105
190 150
223 123
205 124
245 211
185 235
228 177
261 28
235 263
207 288
186 262
454 254
463 221
424 244
339 263
266 266
557 249
508 268
546 250
497 223
165 240
130 192
151 335
229 409
341 359
587 180
